5000 2537
3230 4026
969 3964
1653 3104
4894 3460
2128 4294
258 3881
2422 2423
1637 2379
4248 2050
986 3884
4856 1569
797 4633
3446 668
238 533
4242 484
415 1108
1808 2640
1986 3323
2678 3340
2413 3418
3204 1871
1047 2429
3925 2469
371 3774
1387 1460
4019 1612
951 79
4657 2245
2838 1433
3030 506
3633 2550
4179 662
93 2262
4860 2916
1321 3058
3506 131
4493 2321
359 4777
2151 4644
3152 2444
4241 3323
1631 4413
2054 1139
3358 352
4658 3260
227 274
861 2378
267 1711
594 4268
1101 2245
467 1854
1377 4778
308 2321
322 1300
1299 2014
2890 3649
4042 4216
1707 3446
2453 4595
4300 2834
505 301
4435 1453
3792 2926
902 1509
963 4198
1065 4239
1747 1174
36 4608
4954 2694
426 1732
664 1391
2189 1955
3356 3129
3598 4955
2147 3812
2785 3709
4940 4786
540 2282
995 3755
1334 3667
76 2174
4659 1793
3842 4073
2082 451
4743 2677
4722 2686
2721 3714
3618 3283
1670 290
4839 2901
3429 2065
307 3609
2530 3222
2195 622
897 2091
3476 4440
3929 316
528 3192
2292 4348
1606 4446
1382 3884
4782 3594
3092 3067
51 2462
2121 829
413 4276
1667 3516
1159 2755
642 2969
4750 3994
3216 2524
3696 3814
3470 2008
4403 2450
2371 3613
4917 4527
815 4496
4774 998
3555 3895
1741 973
3032 4449
762 4554
4975 3331
28 2468
4309 1889
3774 576
4007 4941
2029 2045
439 616
263 3969
1289 3406
2341 8
2761 3927
1567 3057
4414 1098
1144 1030
3266 3521
4951 2432
4251 2615
3927 3685
838 1300
367 1867
4913 3528
4614 4681
933 4459
517 1510
4783 4280
1925 4818
1731 1860
4929 3375
1244 164
10 4999
2410 3081
4476 3260
3346 3421
3221 2515
4974 3596
1746 2670
3399 2354
333 2870
3904 1476
338 4788
4303 1480
1676 3458
165 1658
0 4491
4802 481
4587 2577
3056 4302
1498 3917
1150 2539
2810 1994
4512 46
1324 2169
512 3927
2793 496
4163 592
3425 3259
1619 1940
1129 4609
551 2498
1211 4344
3187 2334
4121 3039
1353 1049
1041 3244
874 689
3177 1525
342 3141
3440 4556
3608 1522
2996 1124
2460 2974
4386 1674
373 1051
2562 3475
2240 3589
2202 37
1217 1650
2914 2924
117 4708
3085 1455
3328 594
1023 2291
2830 500
1770 2974
2512 3740
4227 1368
3876 839
4478 3877
3189 1778
1295 1829
2882 1417
1037 2163
1686 1394
2286 140
1643 3113
173 261
3691 4396
2316 1311
2207 1955
372 3798
565 1980
921 4493
269 2035
989 4690
4573 1486
1291 1590
798 229
1347 2145
3848 137
4725 707
3775 603
2405 2981
1077 2781
982 496
1218 4673
547 4803
972 1151
3200 2848
2833 1405
2456 2862
2886 3321
4586 1285
3192 1699
2997 3888
1134 4664
3871 1619
1841 616
1527 1710
1850 3110
4611 247
1474 88
2553 3320
2023 999
923 2843
562 340
2862 2319
4920 2219
87 1327
2325 1639
2758 2115
2084 4341
1564 928
3687 1179
850 1177
4404 4720
4455 2416
1962 1166
965 4989
913 4138
2795 2089
673 3582
4000 1093
1763 3507
2053 2695
3095 598
2767 3244
1292 3472
3896 821
3961 4069
753 1610
1265 4990
3136 4220
3923 3141
166 437
3528 2957
2953 2975
4566 59
2534 1074
1014 4005
2331 2130
247 1259
1854 2067
4344 4278
2517 1636
4274 4346
506 2975
424 290
1458 2758
380 3005
3271 454
1584 3578
4158 3963
2726 177
4206 4627
3098 4392
3042 3853
304 2158
1684 875
4433 671
2427 533
1249 2584
2402 1639
958 4965
4661 1038
4429 1068
2502 1257
4963 3663
1268 4646
205 2480
457 259
208 4221
4853 2368
4712 3710
407 4974
4842 3554
4373 2438
1358 991
4543 4388
1232 3846
1468 606
52 3594
2308 1456
4262 1773
4603 1091
3122 689
4959 4312
983 1
2892 1332
4205 4862
2239 3880
1788 3210
1122 1130
4056 2766
1036 2863
3099 4441
1909 1980
4822 2325
4197 450
2188 4901
4723 2753
256 2348
248 1676
3869 1223
509 2634
2619 3858
155 3806
327 3160
180 4201
4937 1888
2727 594
326 188
511 3490
3465 378
4484 1159
4406 4696
2294 1882
1868 4980
1031 604
3924 4322
1725 3663
3172 901
2340 1223
4500 4246
1521 4508
452 2167
3653 2628
2269 3509
192 2457
4448 4494
4122 1609
2178 3881
1553 939
67 1921
3917 76
4005 3644
133 625
4615 312
3211 1232
758 102
3892 247
2578 216
1000 1083
2992 1139
1250 183
4852 4406
2962 1355
4224 4339
3932 658
881 2970
1492 2697
1172 614
638 4346
2072 869
663 2177
1969 3239
1806 1536
2779 2371
1902 2837
1898 2147
3538 2632
2257 4076
4544 280
1803 1209
3625 2565
4991 2638
3715 4786
1696 1064
158 2397
2976 3922
255 3666
1740 1215
4332 2015
3065 3355
3377 2895
2228 3858
475 4112
4948 3851
1791 3069
191 2115
1453 4094
2791 1911
3928 3507
1485 2244
4133 3435
2075 1963
427 4514
1056 2349
3567 364
4978 911
434 2277
1011 1815
3012 3964
610 3339
2034 1342
1103 1468
4521 463
880 48
1991 1343
3250 925
1357 1249
4236 4670
3164 3658
1248 4719
64 2462
2908 1574
2507 1383
4699 4847
1311 2826
3841 167
857 769
4481 455
1687 1943
549 4887
2156 4340
2357 3350
1871 3471
962 1960
4942 1136
590 4692
2936 202
1639 2065
1413 4907
894 1718
4415 3457
46 110
1389 1752
548 4010
384 2697
4157 3148
4988 4215
595 1748
3968 3092
2272 2344
391 3326
4474 2937
2452 935
4475 4394
1455 4656
2568 3371
4867 4781
4279 1034
4299 720
1938 927
2775 4330
2091 3875
4247 880
1822 424
4168 1469
4993 179
2719 3745
4473 1988
4012 4554
3184 4757
3155 1071
4706 1565
1467 3782
4294 4757
2167 3870
2372 768
3434 3796
4691 2114
4027 2931
4128 268
2940 1660
1702 655
4109 534
1034 710
2503 3649
4421 3340
3081 3577
4074 4793
997 595
1296 4578
4483 1317
1372 2562
4864 4367
2392 3075
3899 820
4654 241
2983 1985
3173 4122
4127 3649
1847 3734
3232 4978
2126 4415
3698 254
745 1950
828 3924
2734 4119
1709 1282
219 4765
654 1170
490 3400
1683 393
3126 1801
3001 2913
847 1486
4577 4727
3394 4170
2358 2088
3849 3880
3997 3804
26 4815
749 4666
4275 2200
458 4661
1460 2212
4466 2531
1911 47
1158 1173
2840 1042
2690 1827
793 2753
3786 1542
2071 4334
3680 4444
1369 1279
104 1766
4693 3878
161 3858
2933 2238
639 1752
2815 1126
54 3183
2199 697
4322 3948
1566 4757
1506 4534
2031 538
1965 429
447 2001
4365 1565
1302 1705
3947 147
3546 1366
464 4169
4395 1941
2827 2702
4154 3480
4590 540
4719 4664
2423 259
68 47
2116 1118
39 2567
4233 2946
3551 2686
1043 1288
2102 1497
4849 573
1327 3939
1051 4330
3205 1405
4730 1879
4569 3786
142 3673
313 2821
1924 4229
2477 4477
3831 527
4041 1206
1849 1804
2396 728
2379 3509
1956 2974
915 2435
3368 3951
2086 4678
718 3526
167 1043
487 4286
2468 1154
2794 947
4663 202
3015 4477
2472 364
2076 1279
1771 272
2563 4641
2666 331
3527 3114
2682 3475
2967 3901
2796 4331
3299 1258
2443 4979
2891 4819
3421 3396
1022 341
1448 3912
4196 2708
284 530
945 4323
2476 171
1537 890
2885 4343
4764 3521
812 3441
1582 1178
398 2864
2799 1795
688 4821
3132 498
3077 3592
4477 2045
1974 3241
3701 2184
1316 2419
574 2731
1983 3572
916 3043
1839 2364
4326 3197
4899 3070
3130 4778
323 3263
3169 3371
1240 2256
4649 1201
993 2810
358 2323
1844 3844
3408 1887
2159 3916
159 353
1979 544
4820 1253
4066 4059
841 3530
2350 2872
4526 4225
4918 3176
2564 3142
476 4991
4010 2297
2926 261
3432 148
4134 2129
3218 1874
3613 301
1838 461
1617 1015
4065 3302
4952 2449
262 249
1896 1880
286 1579
4181 423
3650 3212
1890 2394
240 2860
1784 2417
1973 2158
1068 4514
3711 1075
1457 4717
980 4239
2826 3999
1557 2032
4538 1430
3277 1106
3179 1897
355 4666
2965 2297
3191 3170
3864 651
2099 3961
3080 4023
4084 3950
217 953
800 1488
1607 4943
4022 1191
4956 1151
292 1436
4815 4008
2742 1342
4562 3911
2387 1421
3264 4023
631 4982
3594 4378
277 2527
2990 2544
75 2138
1867 4166
105 3084
2571 4230
955 786
2421 2778
1339 2390
4992 3762
3000 322
1961 2067
377 3151
4263 110
3282 4274
4964 1941
45 949
3123 1495
4687 3888
4895 3783
3243 4126
3237 2436
3463 2067
4714 4758
585 4868
4188 4420
4505 4498
985 4470
867 899
2725 4128
1913 4917
3209 667
3734 3287
2019 1806
1001 3588
3737 2921
3294 1407
4037 4492
4700 4958
3208 2334
2223 1724
4660 375
3916 998
3079 2050
2904 843
2133 4465
4337 1234
3837 691
1404 3683
1052 4775
1810 1006
4841 753
4025 1212
1917 240
692 1810
1514 4075
2861 2058
665 873
1225 4984
4345 2681
4101 1086
2845 283
4339 3
1394 3376
4327 4637
4869 4946
57 3607
3622 1987
3026 2795
4755 4924
1469 3536
4923 403
4420 3164
987 4413
2903 1236
4873 655
3171 2683
65 1873
545 1384
4146 3234
4933 3050
2018 2638
3496 2702
2889 533
200 3953
840 1526
870 3313
553 3414
3464 4486
2142 3108
4377 4976
1933 320
3313 321
2917 2591
62 1632
1848 593
4947 3205
3980 4527
1697 4729
3431 2364
4 3875
1345 4383
1017 1972
2841 1993
360 4674
1842 4185
1280 3826
2073 1208
2238 1116
4531 3485
409 617
4769 3256
1500 2457
4388 1655
746 3356
4230 3090
3518 1210
4171 2127
169 3615
436 2525
2679 703
3003 1944
4234 1071
2005 4124
2943 1587
4740 684
2622 3326
2680 1444
721 4095
608 3333
3019 3063
4129 1980
1278 4385
4607 4923
4971 3280
1115 2807
1958 13
2355 2379
4969 4946
4380 2764
4601 841
3454 584
892 1824
113 1659
1365 4853
1712 1113
1202 1959
3006 4492
1349 4451
2016 748
4733 1118
1093 1870
4547 1573
4439 1647
2290 2601
4560 3205
2514 193
1154 4545
767 1294
3948 658
2338 3996
414 4926
898 277
1478 4724
2973 3240
3998 1329
1151 4504
2533 3278
2063 4904
695 4644
3879 1006
4115 510
2356 4445
2865 3953
2805 1841
4211 3573
4936 4806
1425 215
2723 4589
2342 648
2141 4180
2769 282
2790 3907
2455 4340
744 3816
1942 4510
2432 4247
4458 4382
4836 4455
2751 1631
3960 2139
2968 1578
2024 835
3387 2525
1194 2431
4530 3661
4217 308
2857 2917
810 2651
3543 852
2961 88
1378 123
3333 3789
4103 162
3570 3714
368 2555
3052 3190
30 681
3223 852
4020 702
2505 403
2536 2043
2994 2026
4410 950
1271 3045
4284 3419
3103 3996
4922 2871
3287 1118
1615 3815
4652 833
2551 3952
1597 4308
716 3210
3467 1441
214 63
4218 3843
4444 3603
465 3428
1 3036
2347 973
3847 1664
1441 776
2012 228
3338 4000
1935 4851
1336 597
2467 2513
1816 860
3908 491
3380 1711
4943 2406
1060 1106
3193 3970
535 4787
4193 3829
2213 272
2393 969
3047 684
4325 422
2931 2676
4597 1630
2617 344
1385 2351
3639 2186
2905 3995
2607 3462
4018 3766
1768 576
3694 4502
4861 1505
3859 4200
4172 310
1716 1835
1807 4944
804 3945
4640 2158
1721 1937
2924 234
3306 2047
3793 2378
936 2049
3393 4159
1088 3819
1161 1992
3930 3131
1313 1664
2954 3867
1212 2186
3096 687
2853 4278
3331 4299
1714 1319
2041 4165
1985 2046
2765 549
2414 1052
3593 2849
831 337
529 4450
4579 4493
1835 4376
3578 3050
4249 662
2543 4664
2040 3090
854 1223
1019 548
4469 2872
1392 2651
3484 2076
619 3343
4296 4796
4915 1512
4105 2909
1018 1395
943 3994
896 103
3391 321
4840 412
1164 3628
4307 4119
147 2981
1082 2928
1726 225
1125 3044
693 4742
2329 3212
552 3972
1045 2618
653 1144
4830 3270
765 3843
2828 3327
4701 3210
1834 674
4256 281
1972 237
325 3512
1390 4672
3850 3473
657 4739
17 639
1085 1639
3444 510
4596 4592
2513 143
1734 4331
2988 135
114 2970
4516 598
4528 4152
2326 3774
938 2219
3606 4297
4164 3198
2902 4326
4489 1418
2647 3910
609 1867
1096 1416
3569 2047
3219 143
3634 3600
4932 320
1176 1488
534 2897
4462 2741
3089 4568
1769 1513
2364 2709
1754 1646
94 3213
4919 1072
2574 3051
2644 3732
4807 638
3748 2111
1589 4606
4116 4741
626 2730
4501 3183
977 1455
1147 2397
4078 1661
4708 4075
853 997
4784 1774
3559 2321
4973 831
1765 4979
1329 421
3364 3693
2210 2782
148 3539
2246 250
759 4991
3137 4680
2972 1560
4662 1431
3087 4197
712 3236
2386 3817
1146 4783
1977 597
952 1555
2906 1546
2088 5
4102 2232
3943 3543
1875 4110
4096 277
1802 3254
1003 1668
1798 2279
3261 2645
3630 249
4053 1184
1826 4195
1651 2856
417 4175
4732 611
1934 4490
250 3536
1824 233
2179 3778
710 4582
1434 1276
4704 1185
4237 2511
1335 468
4114 3123
1428 3053
3541 282
3017 2758
3884 1739
257 2039
2545 3810
3984 4541
666 4776
615 4168
4683 3939
460 965
1024 818
1136 1693
4540 3044
2001 3016
4137 3468
3317 1133
469 1813
2125 1167
1728 3967
3736 2206
591 2927
4446 14
319 2867
3934 3542
1504 1998
3852 3004
3728 3450
3069 3702
203 1255
3910 1748
513 304
2224 3980
1186 408
1787 2732
4902 4869
1621 1344
1629 381
3776 2261
2451 4896
4360 335
2756 1582
3637 2747
1033 3575
1918 1106
2465 4265
764 852
3901 2326
611 2758
3283 992
2919 3114
4413 285
2028 3811
174 4599
1947 1574
2852 3325
4648 1139
3640 974
794 3222
4417 3302
3621 243
3979 3711
1817 946
4422 479
3750 2771
2424 591
4619 2672
3779 4113
1520 48
4459 854
4142 3169
1832 2066
598 2600
3758 4760
4198 851
981 2330
411 479
3872 2094
21 554
1732 1340
73 1720
937 1269
1064 478
4511 694
1227 1715
3396 472
1109 4389
4364 1376
2036 50
713 2643
2300 918
851 306
13 1318
1852 932
1861 2792
1205 4463
1062 2931
3102 1223
1494 3207
383 4630
961 3870
363 683
3675 3712
4631 2117
1386 4055
1919 1438
1397 3603
3600 3212
2042 713
4747 1632
1545 3207
3676 147
2265 4664
2595 9
2285 3327
2096 1092
273 4829
1376 1488
1273 4920
2737 336
382 1623
3612 2199
4161 351
3143 1355
4189 4547
1123 3448
2367 778
25 3041
1028 2347
2085 1606
4457 1524
3531 4068
3502 1930
2929 962
3623 508
3556 4816
3746 1706
3027 100
1753 4479
4367 2774
3563 2301
1100 1648
3021 2957
3194 13
1464 1891
4832 187
58 2677
3305 453
3652 3772
3942 396
3659 3987
1914 406
4028 4322
4518 3519
4051 4786
3940 2519
3447 2895
1152 2960
3382 2211
3119 3660
3379 339
1367 843
4886 94
2011 61
3760 4901
3602 2857
2203 1075
1510 942
1473 4201
1789 2525
3163 3666
1904 2297
1415 2158
4099 3443
3320 2970
1165 2289
3118 616
519 3309
4175 2829
1978 3336
3819 1792
388 250
2804 4731
3462 1237
959 3625
224 23
3959 3221
578 1531
2659 4078
1025 4240
4289 1103
2577 3301
1877 3383
4370 1704
3843 4088
4970 4441
842 1925
4159 4075
4015 554
1966 4092
3780 1977
154 3967
650 4151
3788 1481
2636 2429
3568 1955
2253 3784
4513 3180
2548 3987
4194 4941
3498 3713
4838 1224
561 2537
197 74
4442 1318
3411 4794
1614 861
4389 3544
3931 2555
2970 2384
2956 1483
1274 773
2220 1485
2157 472
633 4753
2922 3218
4556 2835
2038 4202
2268 2109
4753 3308
3224 4522
1742 4518
3272 92
4676 1112
2698 4219
1010 866
1830 4444
754 4031
3353 3439
4215 1376
2478 695
3557 33
4805 576
1612 369
2662 2152
3418 2927
1008 2056
1608 2315
4881 769
69 3919
1893 1843
3196 642
120 3755
1187 4399
3975 2972
1102 4339
1307 4602
1533 1429
1931 2697
889 988
4865 3271
168 3582
2335 3159
1084 2726
1749 626
3112 1399
1027 1377
4718 1383
3721 892
3956 4115
2363 830
3954 3550
1484 4201
4767 2295
2447 4487
4398 3469
3060 3164
3743 1160
4026 270
4288 1525
3415 2038
3766 1772
1756 2450
3601 4009
3682 695
2140 4955
1276 1044
1635 4078
2866 669
1310 4158
4686 3231
3398 1351
1595 138
2648 3991
3534 4823
4949 3324
404 2139
2998 2330
1333 1884
2466 1362
684 2316
890 4906
1727 1644
1888 2066
4966 707
4106 2420
3627 915
2663 967
1039 4556
4618 1992
3296 3577
2590 3432
3628 2939
2284 1015
501 436
1837 530
2482 4375
893 1742
4798 4971
625 2192
4756 4409
179 3725
1409 3833
3835 3169
624 2030
3228 4573
806 1175
4804 1805
4621 1517
3822 4522
1666 2002
3733 1813
4911 1588
3074 4069
2193 2755
3885 3401
3791 4503
2352 1506
2490 1691
2299 314
1002 3707
4341 1306
826 1673
1963 3111
733 4718
1032 2007
2062 4176
1989 3973
1509 290
2194 897
361 1000
2847 2247
2078 1979
1512 478
2771 190
370 3226
3293 3896
3161 3914
1196 2672
2446 807
484 4876
2733 4491
4120 948
4751 3166
2945 3420
1114 4630
3040 1051
2558 2885
4252 4201
386 1271
4928 805
2287 3416
2032 253
1690 2927
4878 84
482 3482
2395 4319
4859 2835
1729 85
3507 1016
296 1097
648 1759
2197 1198
389 709
2776 4391
3150 1793
204 2750
2739 1981
849 2815
4223 2143
1872 4226
832 2707
1422 290
4424 3037
3616 2311
4177 2544
3520 2937
1906 2606
2025 707
2337 4529
3545 4013
1624 109
3800 2487
1554 1871
3244 2415
4319 1819
3334 2454
1572 4011
2344 1261
1026 3948
2560 1829
755 3378
140 1895
38 4313
4418 2820
4427 932
3227 1488
432 3182
4702 4399
3357 4655
2822 3858
4408 2945
3668 2519
1325 2235
2317 3743
1303 4195
4559 230
4381 4529
3681 1016
771 1664
3315 1550
1489 290
2136 2697
4111 3555
1718 2077
2995 2324
3448 2525
2248 4976
4269 423
2806 4165
1610 1979
2942 322
1156 2802
4977 713
3402 3504
2370 3007
4351 473
1403 1861
1368 2778
1246 3793
679 1819
4972 1083
1251 2641
3574 1106
970 1496
3167 418
559 1599
2258 1540
1638 3967
3662 1194
3403 1676
2124 3830
3708 3966
4503 1293
805 2655
4910 418
4487 1700
2409 1202
1326 1535
4694 1756
3918 1381
1881 2165
4308 4653
2658 2083
2566 3910
994 4861
3438 1497
3913 1136
3729 2328
1236 914
2777 1042
2211 1010
3561 649
3993 3525
2724 2417
3889 3844
3950 4178
1818 4773
3242 254
3178 1711
4014 4644
1786 1256
3866 4223
2518 677
3039 2183
2584 2326
4939 2847
4717 4590
2436 2755
2508 4312
1932 3327
4968 799
4186 338
107 2480
4258 728
2471 1270
4450 3743
2614 2918
1183 3830
347 56
966 4606
504 426
1534 3231
4828 4846
2855 4479
671 3603
4891 1001
1038 1681
287 4862
1801 2057
3945 432
1401 2470
3327 3311
3560 545
2715 1345
4639 4979
1219 4583
275 4603
3482 206
172 4
1119 2246
3326 4082
2817 3636
862 2407
2580 4697
4858 4907
3344 491
1456 525
3981 2094
1967 890
1423 1690
4229 1662
2707 3028
3562 339
2323 2847
3140 230
2259 369
3886 2608
108 3775
1544 274
3010 4063
1089 1479
756 3865
730 4931
3245 2236
1443 602
516 221
4392 4306
1120 1402
106 1941
1475 2169
2653 4323
2706 1174
4885 3768
3532 1207
786 183
1491 4088
4472 1131
3157 3624
1987 4889
3537 11
747 2120
153 381
3303 4119
674 6
4097 2550
156 3048
2307 4821
864 1611
964 2766
2546 1485
3805 2270
2569 2339
2376 2046
4990 4552
2982 3528
4225 2529
4165 1467
3581 3770
3575 1636
1281 4512
825 651
1997 3409
4281 4431
4301 1416
4644 2845
3787 4115
3330 1724
3071 4328
1117 3946
4297 3983
2123 1004
3704 3867
3144 2554
232 2650
4149 2837
2818 3587
459 830
682 3824
3014 95
883 3412
1479 3289
2985 389
792 4786
4799 1288
2573 3423
4845 224
2797 4788
4311 182
845 386
1669 3464
3646 16
2488 867
1761 2924
271 819
1811 2554
837 2399
4826 2440
4583 3308
4752 2729
4318 2938
1383 3727
3833 1664
143 53
2521 4388
2762 772
3341 598
2696 2849
4355 3348
3410 2066
882 2670
1705 2529
3552 3573
2234 2499
2964 429
4903 2714
2809 1891
3689 1839
3524 3169
66 2497
1013 3311
1665 4245
2026 2378
1602 3417
4651 4348
2823 864
735 3943
4833 1995
2712 4425
2700 4184
2955 3061
2144 2640
1132 1964
2353 3486
1190 2881
4250 788
4498 2966
4226 3695
878 4068
2267 4168
3818 3879
1446 3052
278 2110
4997 3848
3201 4813
2161 4534
3647 2901
4645 1442
3198 3043
1895 3273
2007 1950
116 3999
3031 131
160 4631
2044 2471
2390 2802
1495 3983
2963 2716
3756 3297
2671 501
175 3101
1889 209
1671 2725
1350 2375
2295 3203
2281 270
1620 3298
4091 4233
3768 2043
2559 4533
421 350
2473 26
1723 76
376 157
3442 775
3719 3376
4254 2759
2691 1404
2172 4844
3752 3321
1559 3376
3483 1431
4126 4485
2231 1030
589 3057
3495 3161
4348 1074
3894 900
2784 950
4548 3830
3181 962
330 4688
1048 2987
1081 461
3304 4430
2092 1186
449 2226
3584 962
4362 3389
2048 2865
2947 3810
3878 384
226 1733
2883 441
2320 4812
42 1243
4436 623
3707 2748
3004 3111
1657 2684
1948 719
2251 2200
4989 4414
4213 3165
2181 212
823 1631
4728 2348
2759 3046
2112 1872
4871 2154
533 1824
1760 2094
1622 820
385 1576
583 3565
4080 843
2280 4372
1238 26
2418 1837
3029 3833
1885 4036
2746 250
652 4465
3443 4415
2708 769
3514 1156
1866 1136
686 4464
3781 3037
185 3726
1338 2236
2154 1735
1331 2373
846 1749
1449 4340
1301 1941
2315 3623
2631 1415
2812 672
2485 253
4570 276
2368 3828
1328 1808
2757 2993
1200 726
1796 521
1180 2017
4785 1480
210 4392
125 1282
634 4962
871 696
4604 3277
2235 4665
575 4374
3591 1402
3307 2013
55 1496
1226 2092
1679 131
121 56
4642 518
3915 4691
1853 2019
1701 4873
4914 3426
4305 2383
2686 2646
489 953
2377 2149
3088 4660
3020 236
1189 2212
3641 1466
1105 2830
199 3840
2874 3855
2388 2509
1426 1883
4605 2845
1501 1918
4268 2932
1851 1644
1633 3325
2250 3310
3101 2528
4070 230
1314 314
2333 756
2609 4522
19 1743
3503 3946
2531 4991
2302 370
917 4336
2888 4754
1605 1505
1675 920
4950 4190
178 4013
4768 1849
3911 3815
1356 3914
4062 3438
4986 104
1294 2457
1915 3288
2305 465
605 4529
3147 3694
3361 3381
2170 1562
4497 1546
456 4033
2896 1525
3635 3846
245 4026
941 4151
2164 3370
4072 3498
2506 995
3125 3506
1636 1546
3068 2764
4125 2024
4073 3389
2229 1053
3409 4541
703 9
12 2071
3716 717
2293 2314
3586 3457
438 3638
3629 643
4599 1735
4031 4690
399 1793
1897 4643
1642 1014
4698 3639
3253 4489
4671 683
1894 4198
2162 2155
766 210
3761 1891
2404 3628
3437 1105
1996 3973
4872 1456
4967 1068
1558 3540
1878 3614
4829 2548
3643 3265
3436 1322
4032 4366
392 4227
1104 1929
2856 2208
956 2567
115 1949
2597 3451
339 49
1641 1594
1579 4048
2214 3488
2205 3449
4667 2873
1107 87
4834 1295
4734 1954
1876 2869
1343 4930
2442 1892
1928 1385
3821 2483
1477 3246
228 1071
2801 1329
1903 2066
3648 1365
2010 737
514 4636
1604 2244
2204 4726
632 3618
31 2271
4394 2285
3115 2237
2748 3007
4738 4819
1825 1983
1863 2553
3154 3354
3535 2189
4984 1300
3605 4444
990 1344
2887 1722
844 2729
4835 3871
3128 288
520 1192
4243 2347
620 2776
4304 2094
2510 981
4550 3684
4831 3146
4453 1470
365 3281
4350 2374
1373 1641
4761 109
1840 586
2581 4645
4089 3045
4150 294
1239 3644
2209 3134
1452 2419
4754 79
379 163
139 2367
3824 4991
1845 4884
3724 2115
724 1816
419 2285
637 787
1654 3912
201 2137
3717 4079
4866 1575
2492 3306
640 1798
1035 1362
71 4794
1470 1113
3665 1798
3285 2565
1678 4210
3138 3608
1540 1222
4057 584
920 2445
2064 396
2261 52
570 1035
2273 2986
1581 1408
2542 1910
4148 1159
291 991
3957 1051
523 4191
4880 209
1195 2411
2458 23
4854 2713
727 855
2621 1402
4626 4194
1054 3513
3022 4721
3730 1112
4061 2368
3667 171
77 4713
1646 567
2362 2991
2180 644
4555 4843
444 2322
2820 530
1944 498
1929 3854
2897 2226
723 3493
4843 1171
2718 1926
4280 4945
1812 2867
2813 1198
2612 4055
3862 4779
4998 4906
29 1806
3611 2688
4231 2912
112 2925
2045 3104
1507 4357
705 583
1124 1526
1254 3655
780 2723
3836 2915
2484 3275
2876 2766
3887 4303
2185 13
3404 2416
2594 1416
3769 27
3321 2704
1859 4539
455 4560
2496 2910
430 1505
2000 456
1994 1871
241 164
1828 1804
859 4297
1975 2654
4771 2208
2950 144
1421 3270
4452 2232
2610 4796
3735 803
1234 150
3905 2406
1213 3183
3011 2119
660 3594
1899 2965
4087 344
975 3712
748 4083
1207 915
4141 2976
3083 3799
2165 4392
1086 4593
3342 1600
4016 4045
1661 3710
1057 1764
1181 1862
3199 866
328 518
4156 2391
1971 2182
4765 1408
3607 3592
1999 1228
4909 4609
1483 3365
2952 1756
645 4092
1856 2070
1465 4700
1970 4194
3566 3907
628 4661
3066 4185
4379 152
141 4122
3337 2794
1976 3596
1110 2766
2879 4929
2282 2324
4232 2624
4647 3220
3291 2895
1396 1914
3516 1193
3363 492
4357 495
1758 4646
1921 4144
3674 3004
3284 1705
711 3254
418 1753
4724 2889
872 1167
2633 4573
2225 3753
3882 1689
1375 4301
3660 4984
1882 3669
3807 3605
3389 3308
3553 1384
3233 592
1738 727
1846 2279
100 4835
4044 2216
4368 4147
3823 4658
2844 3434
318 521
563 4008
4875 2588
2620 3609
2445 1548
4801 4220
2556 3139
2196 35
3795 3690
356 1585
2923 1499
834 1788
2122 622
1916 4629
3106 3311
4797 127
32 3548
3033 505
4363 4093
3094 557
1090 1896
2412 2324
3430 639
2851 685
1541 4230
401 3171
2687 445
4689 402
3863 3246
2254 2200
2059 1959
3645 1841
1543 3993
3390 2583
2081 3894
2504 24
1650 4152
909 1860
3124 2910
2635 4128
4160 1091
1539 4449
302 4618
2689 1445
537 357
1411 2741
279 2187
4107 1405
761 3270
752 1698
1555 1252
2842 1001
2786 4132
1910 4519
2894 2774
906 4314
676 4244
4482 2097
309 361
4710 3447
1182 3315
4095 4314
3990 2612
2310 215
329 319
4568 2022
4600 1772
1930 4046
4282 6
3809 4412
3453 4252
2448 2513
2716 4432
2608 2148
3225 4930
4081 1577
2264 2819
722 4452
4810 3216
4169 4097
2800 1681
2605 1313
4575 1071
4960 1835
4766 4476
3798 2756
2624 2047
2520 3926
1216 456
15 884
477 3468
3958 2972
2692 638
4283 59
1061 4688
4354 3114
2359 990
2846 4476
1945 3231
2313 4590
194 2519
2639 2507
235 1462
3235 3834
2101 600
483 2293
2900 2079
2498 1357
3703 3992
884 2093
2934 4739
4623 851
346 92
4749 2599
3135 4912
3615 1186
4235 1148
4402 3402
3897 3595
4182 4850
824 4906
1072 3464
1297 1322
442 3125
3763 4144
1454 2026
2434 2017
3319 380
4208 4185
4257 306
2522 3008
2688 3055
2526 2966
4824 1677
4349 1800
2221 693
3632 4010
2069 319
4688 433
252 528
4228 948
4762 930
3459 457
4746 4844
2989 830
2021 4273
4561 2433
4679 4219
822 3646
1487 1704
132 1833
44 4182
1348 1282
2980 984
3962 2314
4507 1222
4581 2581
4356 3370
784 4414
1777 420
82 2486
3936 4587
1398 3063
2743 1164
1952 3395
2226 1560
2256 3695
2549 41
4703 208
2020 3713
2255 1147
3156 2500
1220 2773
2087 642
618 4098
1691 931
4908 1358
1549 1279
1230 2549
3035 3312
1645 462
390 3854
1305 4773
807 2191
3116 3387
3972 122
4995 4282
4553 1427
3655 1781
4333 2013
1751 3980
4682 4476
2668 4646
4591 2271
2 1675
4716 3987
769 1795
732 4000
1968 3403
729 16
4447 1279
1020 3044
1439 4717
3988 1036
1199 3868
2717 4255
3347 3053
136 4278
4108 4994
4139 4088
2899 4209
2589 4375
18 34
4260 2098
2201 36
4174 4781
939 4535
2403 1035
3423 378
2058 4619
2219 4312
2693 2516
4136 910
4143 4268
774 3703
1323 2167
3407 446
4222 2480
3565 1295
4925 3405
2538 2563
1515 3933
2780 2875
264 63
907 2752
218 690
4153 163
4434 3763
3445 2603
3890 1431
4384 1971
1570 3708
